2 4 6 8 10 12 8 14 16 18 14 12 16 2 12 14 12 8 14 12  
2 4 6 8 10 12 8 14 16 18 14 12 16 2 12 14 12 8 14 12  
2 4 6 8 10 12 8 14 16 18 14 12 16 2 12 14 12 8 14 12  
2 4 6 8 10 12 8 14 16 18 14 12 16 2 12 14 12 8 14 12  
2 4 6 8 10 12 8 14 16 18 14 12 16 2 12 14 12 8 14 12  
2 4 6 8 10 12 8 14 16 18 14 12 16 2 12 14 12 8 14 12  
2 4 6 8 10 12 8 14 16 18 14 12 16 2 12 14 12 8 14 12  
2 4 6 8 10 12 8 14 16 18 14 12 16 2 12 14 12 8 14 12  
2 4 6 8 10 12 8 14 16 18 14 12 16 2 12 14 12 8 14 12  
2 4 6 8 10 12 8 14 16 18 14 12 16 2 12 14 12 8 14 12  
